0.000349786816894303
0.000290229636955639
0.000304415567299502
0.000335019765698948
0.000321860336249588
0.000359217495442944
0.000252196823245539
0.000252196823246669
0.000281162891681445
0.000307139445703699
0.000309202955748727
0.000208683687459292
0.000351297520756703
0.000386704993710859
0.000309202955748708
0.000349588758297753
0.000493618516882707
0.000328302371352941
0.000252830214074568
0.000321156782313371
0.000328302371352941
0.000326348133215644
0.000193727338010887
0.000327876551694790
0.000271134144683446